MMM 115.04 6.38 78510000000 682190000
ABT 33.5 0.5297 52440000000 1550000000
ABBV 43.89 3.25 68980000000 1580000000
ANF 36.45 2.74 2810000000 76670000
ACN 73.21 4.79 51040000000 532390000
ACE:NYQ 88.19 9.45 30000000000 337850000
ACT:NYQ 137.39 -4.2484 18650000000 131620000
ADBE 46.87 1.12 23470000000 499070000
AMD:NYQ 3.57 -1.1373 2460000000 717130000
AES 13.09 -1.4122 9430000000 739330000
AET 65.11 5.01 24280000000 370450000
AFL 58.38 7.2 27400000000 450100000
A 47.43 2.68 15780000000 329810000
GAS:NYQ 43.85 2.63 5130000000 117900000
APD 102.99 4.67 21770000000 209150000
ARG:NYQ 103.33 4.34 7660000000 66010000
AKAM 47.58 1.38 8540000000 172200000
AA 7.92 0.0959 8420000000 1070000000
ALXN 111.56 1.75 22000000000 193620000
ATI:NYQ 27.52 0.5528 2990000000 107010000
AGN:NYQ 89.21 0 26440000000 285140000
ALL:NYQ 48.4 4.68 22470000000 462250000
ALTR:NSQ 37.57 1.55 11970000000 318230000
MO 34.4 2.19 68650000000 2000000000
AMZN 295.86 -0.2266 134370000000 370080000
AEE 33.15 -2.568 7970000000 241880000
AEP:NYQ 42.56 2.49 20510000000 485960000
AXP:NYQ 73.35 4.07 79620000000 1080000000
AIG 48.18 4.45 71850000000 1470000000
AMT 71.91 1.6 27160000000 393920000
AMP:NYQ 87.59 5.72 17370000000 197140000
ABC:NYQ 58.24 2.53 13430000000 229850000
AMGN 111.01 5.95 85080000000 752020000
APH:NYQ 75.15 3.65 12040000000 158600000
APC:NYQ 93.01 3.38 46630000000 500560000
ADI:NYQ 47.04 2.09 14690000000 307310000
AON 66.49 3.12 20520000000 305290000
APA 86.51 6.3 33560000000 387250000
AIV 27.72 -0.2501 3990000000 144360000
APOL:NSQ 20.01 2.44 2210000000 97140000
AAPL 498.22 40.04 449950000000 907110000
AMAT 15.51 -0.3635 18850000000 1200000000
ADM:NYQ 35.79 1.79 23860000000 644400000
AIZ 53.72 4.99 4060000000 73990000
T 33.41 1.32 177070000000 5300000000
ADSK 37.14 0.9651 8330000000 222580000
ADP 73.13 2.8 34930000000 479850000
AN 49.27 2.74 5900000000 100410000
AZO 417.53 25.99 14920000000 34500000
AVB 125.59 1.58 16000000000 128620000
AVY 42.98 2.06 4230000000 97620000
AVP:NYQ 19.82 -0.138 8590000000 432380000
BHI 48.99 2.26 21460000000 441320000
BLL 44.4 2.24 6450000000 143060000
BAC 14.36 0.4396 154380000000 10730000000
BCR 117.81 2.1 9240000000 78330000
BAX 70.01 4.02 37880000000 541390000
BBT 33.52 2.44 23880000000 700740000
BEAM 63.75 2.51 10250000000 161610000
BDX 99.38 5.57 19190000000 192840000
BBBY 71.84 4.61 15830000000 210890000
BMS:NYQ 39.95 1.82 4120000000 101940000
BRK.B 111.86 10869.89 184230000 1270000
BBY:NYQ 37.02 0 12740000000 273100000
BIIB 225.18 6.74 54120000000 237200000
BLK 261.23 15.4 44130000000 158940000
HRB 26.91 1.63 7390000000 271770000
BMC 46.28 2.17 6540000000 133389999
BA:NYQ 106.07 5.48 80460000000 753050000
BWA 97.77 4.6 11370000000 112960000
BXP 104.81 3.95 15620000000 150910000
BSX 11.5 -0.5996 15540000000 1330000000
BMY:NYQ 41.89 0.8207 68680000000 1640000000
BRCM 26.49 0.7042 14190000000 476820000
BF.B 68.23 2.73 14430000000 171710000
CA 29.6 2.3 13410000000 327670000
CVC:NYQ 17.95 -0.2586 4740000000 149930000
COG:NYQ 38.74 0.494 16210000000 414180000
CAM:NYQ 58.4 2.94 14470000000 243740000
CPB 41.99 2.17 13110000000 176150000
COF 65.38 7.44 38390000000 582090000
CAH 50.39 0.9562 17030000000 336090000
CFN:NYQ 36.62 1.74 7860000000 213530000
KMX 51.21 1.99 11180000000 221540000
CCL:NYQ 35.86 1.93 27970000000 567250000
CAT:NYQ 83.39 6.34 53720000000 645400000
CBG:NYQ 22.37 0.8961 7290000000 326180000
CBS:NYQ 53.62 2.78 32620000000 561620000
CELG 146.97 3.58 59880000000 410050000
CNP 22.81 0.4436 9760000000 425750000
CTL 31.9 1.73 19300000000 597280000
CERN 46.7 1.23 15990000000 295620000
CF:NYQ 194.19 28.6 11030000000 56970000
CHRW 57.7 3.65 9220000000 157910000
CHK 26.03 -2.168 17420000000 656830000
CVX 121.21 12.34 234490000000 1930000000
CMG:NYQ 408.52 9.49 12620000000 30360000
CB 84.3 7.05 21580000000 253980000
CI 80.83 4.97 22980000000 274820000
CINF 45.59 3.45 7530000000 148710000
CTAS 48.61 2.53 5910000000 102060000
CSCO 23.55 1.86 126610000000 5290000000
C 49.22 3.13 151630000000 3040000000
CTXS 71.38 1.67 13320000000 186340000
CLF:NYQ 21.85 -9.5595 3360000000 151420000
CLX 82.33 4.32 10740000000 128340000
CME:NYQ 72.43 2.8 24530000000 315350000
CMS:NYQ 25.98 1.62 6900000000 264750000
COH 53.08 3.61 15060000000 278440000
KO 38.35 1.89 169520000000 4200000000
CCE:NYQ 38.81 2.1 10270000000 248040000
CTSH 77.5 3.75 22900000000 299500000
CL 58 2.39 53370000000 924460000
CMCSA 42.48 2.53 111030000000 2600000000
CMA 41.25 2.75 7710000000 184020000
CSC 50.49 3.99 7480000000 147180000
CAG 33.7 1.85 14270000000 419070000
COP:NYQ 68.2 6.17 82880000000 1220000000
CNX 33.45 0.5404 7620000000 227060000
ED 55.59 0 16150000000 290470000
STZ:NYQ 57.68 1.73 10650000000 162240000
GLW 14.4 1.3 21100000000 1450000000
COST:NSQ 114.35 4.54 50050000000 432620000
COV:NYQ 60.75 3.59 27920000000 458760000
CCI 70.55 0.3097 20260000000 289720000
CSX:NYQ 25.45 1.84 25910000000 1010000000
CMI:NYQ 126.77 7.51 23800000000 186570000
CVS 58.63 3.38 71810000000 1220000000
DHR 66.83 3.51 46760000000 600580000
DRI 47.45 3.13 6110000000 129160000
DVA:NYQ 110.59 5.53 11860000000 103230000
DE 82.61 8.71 31600000000 382090000
DELL 13.84 0.7622 24310000000 1510000000
DLPH 56.5 3.31 17830000000 306420000
DNR 17.66 1.1 6600000000 366460000
XRAY 42.84 2.35 6040000000 141490000
DVN 58.38 -4.3003 23840000000 380230000
DO 64.33 5 8880000000 138930000
DTV 58.67 4.81 32370000000 546790000
DFS 48.59 5.13 23520000000 480720000
DISCA 77.55 2.64 18270000000 115220000
DG:NYQ 56.96 3.01 18570000000 322280000
DLTR 53.45 2.83 12040000000 215570000
D 57.53 0.5599 33300000000 575070000
DOV 87.6 5.32 14940000000 168820000
DOW 38.56 2.07 46480000000 1200000000
DPS:NYQ 44.47 2.92 9080000000 202740000
DTE 65.56 4.05 11370000000 173840000
DUK 65.45 2.8 45740000000 702970000
DNB 100.74 6.69 3910000000 38460000
ETFC 16.26 -0.8199 4460000000 285580000
DD 57.11 2.54 53200000000 919420000
EMN 76.88 3.92 11840000000 153240000
ETN 65.63 3.31 31010000000 471790000
EBAY 52.83 2.02 67250000000 1180000000
ECL:NYQ 92.73 2.79 28060000000 299960000
EIX 45.04 4.07 14450000000 324940000
EW:NYQ 71.47 3.42 8060000000 111410000
EA 26.76 0.3898 8490000000 304100000
EMC 26.39 1.26 54770000000 2069999999
EMR:NYQ 61.47 2.05 44070000000 711100000
ESV:NYQ 56.2 5.49 12990000000 232100000
ETR 62.92 5.38 11060000000 177580000
EOG:NYQ 161.72 3.67 43980000000 270670000
EQT 84.74 1.77 12820000000 149600000
EFX 59.34 2.41 7230000000 120230000
EQR 53.04 0.0856 18640000000 352670000
EL 67.58 2.58 26100000000 232680000
EXC 30.31 1.35 25740000000 854600000
EXPE 49.68 0.9891 6550000000 94190000
EXPD 42.9 1.65 8700000000 203420000
ESRX 65.52 0.6061 52860000000 809600000
XOM 87.25 7.94 384480000000 4390000000
FFIV 86.88 3.4 6770000000 77960000
FDO 70.78 3.64 8190000000 104550000
FAST:NSQ 47.89 1.48 14430000000 271810000
FDX 108.16 4.93 34470000000 295460000
FIS 45.11 1.79 13030000000 289140000
FITB:NSQ 18.47 1.92 16870000000 907040000
FSLR 37.45 3.8 3750000000 70700000
FE 36.99 0.7354 15290000000 416510000
FISV 98.57 4.21 12710000000 127410000
FLIR 31.69 1.59 4540000000 140360000
FLS:NYQ 59.07 3.1 8190000000 139980000
FLR 64.58 2.83 10600000000 162110000
FMC 67.8 3.31 9180000000 135720000
FTI:NYQ 54.71 1.67 13050000000 235860000
F 17 1.52 68160000000 3780000000
FRX:NYQ 43.21 -0.2429 11630000000 265829999
FOSL 112.25 6.14 6470000000 49520000
BEN 47.11 3.33 29430000000 410380000
FCX 31.18 2.81 31930000000 1030000000
FTR 4.28 0.0996 4360000000 992020000
GME 49.61 -2.2885 6020000000 114950000
GCI 24.54 1.94 5690000000 227900000
GPS 40.39 2.71 19010000000 290120000
GRMN 41.77 2.7 8780000000 147440000
GD 84.57 -0.9412 29740000000 331230000
GE 23.16 1.4 235860000000 10170000000
GIS 49.19 2.79 31510000000 637610000
GM 36.15 2.79 50290000000 711150000
GPC 78.66 4.45 12130000000 150770000
GNW 12.13 0.8935 6060000000 491820000
GILD 61.12 1.51 93480000000 1520000000
GS 156.66 16.45 70140000000 442840000
GT 20.79 1.16 5110000000 235030000
GOOG 879.58 32.58 292910000000 272750000
GWW 258.28 10.3 18040000000 61100000
HAL:NYQ 49.54 1.96 45470000000 910270000
HOG 61.97 3.1 13890000000 221740000
HAR 64.59 2.04 4430000000 67760000
HRS 57.28 4.14 6250000000 106370000
HIG 30.87 -0.8072 13990000000 438780000
HAS:NYQ 47.99 2.45 6170000000 115380000
HCP:NYQ 40.89 1.94 18100000000 453680000
HCN 60.83 0.4859 17190000000 284720000
HP 64.36 6.57 6870000000 103080000
HSY 90.74 3.2 19270000000 222480000
HES 77.3 10.3 26280000000 305210000
HPQ 22.42 -1.5933 42660000000 1920000000
HD 72.7 3.39 104550000000 1400000000
HON:NYQ 81.66 4.01 63880000000 782980000
HRL:NYQ 42.21 1.86 11070000000 134000000
DHI 18.1 1.22 5740000000 282430000
HSP:NYQ 38.88 -0.2266 6460000000 164750000
HST 17.29 0.1874 12830000000 732900000
HCBK 9.25 0.4033 4940000000 476830000
HUM:NYQ 95.64 9.4 15060000000 155540000
HBAN 8.52 0.7103 7030000000 822020000
ITW 72.88 5.26 32500000000 444240000
IR 61.77 3.19 17940000000 290350000
TEG:NYQ 54.69 4.02 4360000000 78720000
INTC 22.67 1.85 112590000000 4970000000
ICE:NYQ 179.39 7.49 13180000000 71020000
IPG 16.16 0.7756 6810000000 419750000
IBM 183.03 14.06 201720000000 1090000000
IFF 78.81 3.36 6520000000 80260000
IGT 19.36 1.12 5160000000 266110000
IP 47.86 2.19 21250000000 442610000
INTU:NSQ 64.45 2.74 19060000000 282290000
ISRG 384.69 17.17 15270000000 39250000
IVZ 30.45 1.67 13620000000 437160000
IRM 25.84 0.679 4920000000 179790000
JBL 23 1.57 4680000000 175800000
JEC 58.08 3.22 7760000000 128639999
JDSU 14.4 0.2134 3310000000 236550000
JNJ 87.16 4.5 245290000000 2810000000
JCI 41.02 1.55 28300000000 682580000
JOY 51 6.71 5410000000 105640000
JPM 52.56 5.99 196150000000 3740000000
JNPR 20.83 0.5894 10390000000 491140000
KSU 108.05 2.73 11950000000 108500000
K 60.23 2.65 21900000000 360640000
KEY:NYQ 11.9 0.8556 10790000000 906790000
KMB 93.06 4.7 35340000000 380700000
KIM 20.1 0.3407 8120000000 397630000
KMI:NYQ 35.22 0.9308 36770000000 740250000
KLAC 58.76 3.2 9700000000 164930000
KSS 52.39 4.27 11460000000 207910000
KRFT 53.21 3.1 31500000000 593780000
KR 37.4 2.91 19360000000 489350000
LTD 56.45 2.73 16470000000 240440000
LLL 91.19 8.4 8190000000 88950000
LH 98.17 5.97 8810000000 89580000
LRCX 49.16 0.67 8080000000 162390000
LM 33.49 -2.2398 4100000000 121780000
LEG:NYQ 29.39 1.72 4150000000 139010000
LEN 32.25 1.84 5900000000 166050000
LUK 26.57 3.51 9600000000 305610000
LIFE:NSQ 74.67 2.41 12890000000 171520000
LLY 52.41 4.46 58820000000 1120000000
LNC:NYQ 43.73 4.59 11600000000 263700000
LLTC 39.12 1.71 9190000000 231290000
LMT:NYQ 123.73 8.93 39840000000 320330000
L:NYQ 44.69 1.67 17360000000 304060000
LO:NYQ 44.03 3.22 16190000000 372670000
LOW 45.6 1.98 48240000000 1050000000
LSI:NYQ 7.76 0.1855 4260000000 544320000
LYB 70.32 5.77 39890000000 235350000
MTB 114.98 8.86 15070000000 119060000
MAC:NYQ 56.61 2.26 7870000000 139380000
M 45.08 3.45 17660000000 383390000
MRO:NYQ 35.69 2.22 25470000000 707140000
MPC:NYQ 70.85 9.84 22570000000 311260000
MAR:NYQ 40.62 1.99 12360000000 226870000
MMC:NYQ 41.31 2.33 22730000000 548380000
MAS:NYQ 19.63 0.2229 6860000000 348280000
MA:NYQ 636.62 24.19 75870000000 98960000
MAT 41.23 2.23 14160000000 343570000
MKC 67.42 3.04 8070000000 114670000
MCD 96.26 5.46 95630000000 996540000
MHFI 60.03 2.63 16470000000 266480000
MCK:NYQ 123.57 5.82 28110000000 227240000
MJN 74.76 2.99 15160000000 201690000
MWV 36.98 0.9055 6590000000 175740000
MDT 53.46 3.48 53520000000 995380000
MRK:NYQ 47.49 1.68 139030000000 2920000000
MET:NYQ 47.98 0.4273 53100000000 816750000
MCHP 38.9 0.5999 7720000000 191610000
MU 15.26 -0.7516 15750000000 1030000000
MSFT 31.15 2.59 260190000000 7580000000
MOLX 29.34 1.36 4860000000 139540000
TAP:NYQ 49.24 3.12 9040000000 136060000
MDLZ 30.94 1.07 54740000000 1770000000
MON:NYQ 99.89 4.6 54110000000 530470000
MNST 55.25 1.86 9400000000 139450000
MCO 65.78 3.34 14020000000 219780000
MS:NYQ 26.81 0.6964 52200000000 1520000000
MOS:NYQ 42.16 4.42 17910000000 296270000
MSI:NYQ 56.47 3.51 14930000000 264829999
MUR:NYQ 61.77 4.84 11410000000 175920000
MYL 35.29 1.63 13700000000 379200000
NBR:NYQ 15.96 1.06 4760000000 287510000
NDAQ 30.51 1.79 5060000000 136400000
NOV 78.01 5.4 33140000000 425800000
NTAP 42.24 1.43 14320000000 337260000
NFLX 291.54 0.7987 17390000000 57630000
NWL 26.04 1.33 7460000000 286680000
NFX 23.86 -9.7579 3240000000 134600000
NEM:NYQ 30.43 -1.5357 14930000000 488630000
NWSA 32.1 2.9 73840000000 1920000000
NEE:NYQ 80.01 3.63 33960000000 422560000
NKE 64.98 2.69 58210000000 706170000
NI:NYQ 29.11 1.41 9070000000 311010000
NE:NYQ 39 2.22 9700000000 250970000
NBL:NYQ 62.91 2.85 22580000000 352350000
JWN 55.92 3.77 10950000000 145040000
NSC 74.39 5.42 23130000000 310630000
NU 40.25 2.47 12670000000 309730000
NTRS 55.47 2.87 13320000000 239620000
NOC 93.12 8.05 21530000000 228820000
NRG 26.06 1.42 8310000000 321470000
NUE 46.61 1.3 14830000000 316380000
NVDA 14.88 0.9 8640000000 549990000
NYX 41.87 1.78 10250000000 242060000
ORLY 122.35 5.4 13410000000 105030000
OXY 89 5.48 72310000000 792910000
OMC 62.6 3.73 16080000000 254790000
OKE 51.28 1.39 10550000000 204730000
ORCL 32.2 2.26 149390000000 3430000000
OI 29.75 0.8625 4830000000 163100000
PCAR 54.24 2.86 19330000000 345110000
PLL 71.47 2.88 7990000000 111170000
PH 103.22 6.24 15380000000 147700000
PDCO 40.03 2.03 4180000000 80470000
PAYX 39.17 1.56 14240000000 325020000
BTU 18.22 -2.9197 4860000000 268500000
JCP 14.27 -7.3144 3130000000 191090000
PNR 61.64 -0.6552 12400000000 198330000
PBCT 14.27 0.729 4650000000 318360000
POM:NYQ 18.13 -0.9916 4580000000 248280000
PEP:NYQ 79.26 4.24 121940000000 1540000000
PKI 36.98 0.631 4130000000 110850000
PRGO 123.94 4.68 11630000000 92240000
PETM 69.65 3.87 7260000000 103020000
PFE 28.28 1.47 187160000000 6610000000
PCG 40.88 2.1 18180000000 443540000
PM:NYQ 84.19 5.16 136120000000 1610000000
PSX 57.42 7.38 35320000000 610090000
PNW 52.49 3.86 5750000000 109460000
PXD 180.86 0.8529 25220000000 136910000
PBI 16.82 1.34 3360000000 200790000
PCL 44.66 1.48 7170000000 162300000
PNC 73.19 6.67 38990000000 530179999
PPG 159.25 7.48 22950000000 142260000
PPL:NYQ 30.07 2.48 19250000000 630610000
PX 118.11 5.6 34770000000 294070000
PCP 219.8 10.32 31580000000 144950000
PCLN 959.15 30.4 49330000000 51120000
PFG:NYQ 42.04 2.7 12390000000 280280000
PG 77.15 3.86 211240000000 2730000000
PGR:NYQ 25.49 1.92 15240000000 554020000
PLD 36.55 -0.1404 17790000000 493080000
PRU:NYQ 77.55 -4.3348 36290000000 459690000
PEG:NYQ 32.16 2.41 16170000000 504640000
PSA 153.02 4.47 26020000000 144350000
PHM:NYQ 15.47 0.7567 5920000000 349030000
PVH 129.97 4.45 10480000000 80330000
QEP 28.25 0.8226 5070000000 177570000
QCOM 68.02 3.76 116360000000 1690000000
PWR 25.78 1.5 5480000000 207920000
DGX 61.11 3.34 9190000000 150930000
RL 165.18 7.91 15020000000 60150000
RRC:NYQ 76.5 0.406 12490000000 159270000
RTN:NYQ 75.61 5.91 24440000000 320770000
RHT 51.06 0.7881 9630000000 187740000
REGN 267.57 7.49 26530000000 76400000
RF:NYQ 9.55 0.8229 13360000000 1390000000
RSG 32.17 1.26 11720000000 361090000
RAI 47.41 2.75 26050000000 311310000
RHI 37.05 1.7 5110000000 132560000
ROK 100.04 5.21 13840000000 137680000
COL 71.08 4.36 9600000000 134490000
ROP 126.44 4.97 12540000000 97580000
ROST 68.76 3.68 15210000000 212760000
RDC 37.26 2 4620000000 123210000
R 56.98 4.31 2960000000 51210000
SWY 25.96 1.94 6260000000 238900000
SAI:NYQ 14.37 1.23 4910000000 339500000
CRM:NYQ 48.47 -0.4157 28670000000 537590000
SNDK 58.34 2.93 13940000000 239550000
SCG 46.17 3.41 6510000000 125690000
SLB 85.14 4.67 111440000000 1320000000
SCHW 21.58 0.6699 28060000000 1100000000
SNI:NYQ 75.38 4.6 10870000000 80600000
STX 39.46 4.81 14100000000 307210000
SEE:NYQ 29.52 -7.9058 5780000000 192430000
SRE:NYQ 83.6 3.98 20220000000 228030000
SHW:NYQ 172.69 6.47 17900000000 87170000
SIAL 83.11 3.86 10040000000 120040000
SPG:NYQ 144.94 3.87 44240000000 306900000
SLM 24.15 3 10540000000 431900000
SJM 105.99 5.18 11230000000 99710000
SNA 95.89 5.6 5590000000 57620000
SO:NYQ 41.12 1.98 35610000000 870750000
LUV 13.1 0.5196 9240000000 705060000
SWN:NYQ 37.63 -0.1089 13340000000 345460000
SE 32.79 1.4 21800000000 664920000
S:NYQ 6.47 0 25450000000 794430000
STJ:NYQ 52.52 2.12 14640000000 280030000
SWK 87.27 3.04 13870000000 158370000
SPLS 14.07 -0.3008 9280000000 653940000
SBUX 71.57 2.09 54140000000 731170000
HOT:NYQ 65.74 2.53 12840000000 194240000
STT:NYQ 67.63 4.58 30460000000 444370000
SRCL 112.48 3.3 9650000000 83650000
SYK 68.93 2.98 25630000000 306060000
STI:NYQ 32.91 3.93 17500000000 536270000
SYMC 25.35 1.06 17800000000 697060000
SYY 32.04 1.67 18890000000 586420000
TROW 70.72 3.65 18450000000 251190000
TGT 63.29 4.15 40050000000 627730000
TEL:NYQ 50.22 3.03 20800000000 411880000
TE 16.59 1.06 3600000000 204270000
THC 39.86 -0.4632 4130000000 100140000
TDC:NYQ 56.92 2.26 9380000000 162340000
TER 15.91 0.6081 3070000000 190100000
TSO 46.78 4.52 6270000000 134430000
TXN 39.18 1.8 43480000000 1100000000
TXT 28.17 1.78 7870000000 279860000
ADT:NYQ 39.48 1.78 8410000000 209970000
BK 30.46 1.61 35270000000 1150000000
WMB 35.12 0.9296 24000000000 680580000
TMO:NYQ 90.51 3.59 32690000000 359540000
TIF 77.03 3.38 9970000000 126990000
TWC:NYQ 109.07 7.23 31120000000 285220000
TWX 61.45 3.65 56650000000 918340000
TJX 53.92 2.72 38710000000 708900000
TMK 70.55 5.64 6490000000 90060000
TSS 28.2 1.25 5350000000 182200000
TRV:NYQ 80.49 7.74 30120000000 372020000
TRIP:NSQ 74.11 1.54 10680000000 98520000
TYC 33.61 -0.589 15600000000 461210000
TSN:NYQ 29.5 2.11 8400000000 207510000
UNP 154.92 8.79 72420000000 461930000
UPS:NYQ 86.76 0.8584 81450000000 720320000
X 18.87 -1.1065 2710000000 143870000
UTX 103.23 5.49 95130000000 915420000
UNH 74.06 5.26 75280000000 1000000000
UNM:NYQ 30.26 3.29 8040000000 261620000
URBN 42.56 1.79 6170000000 112080000
USB 36.47 2.94 67500000000 1840000000
VLO:NYQ 36.76 5.03 19920000000 539490000
VAR 71.87 3.98 7740000000 107190000
VTR:NYQ 61.46 1.57 17720000000 287660000
VRSN 49.31 2.16 7010000000 142690000
VZ 46.34 0.5409 133480000000 2860000000
VFC 191.26 10.06 21250000000 87690000
VIAB 80.29 4.45 38120000000 433800000
V:NYQ 176.67 5.8 138760000000 655540000
VNO 82.38 1.07 15100000000 168870000
VMC 49.14 -0.0897 6390000000 129470000
WMT 72.59 5.12 238120000000 1620000000
WAG 49.46 2.27 47430000000 870260000
DIS:NYQ 61.39 3.3 109510000000 1650000000
WPO 575.03 6.29 4290000000 6100000
WM:NYQ 39.92 1.82 18680000000 452710000
WAT:NYQ 101.62 5.54 8670000000 81790000
WLP 87.29 9.19 26270000000 297420000
WFC 41.43 3.69 222060000000 5290000000
WDC 64.99 3.9 15430000000 210740000
WU 18.06 1.58 9950000000 550510000
WY 28.51 1.09 16160000000 572840000
WHR 131.37 8.01 10260000000 78670000
WFM:NSQ 54.52 1.45 20190000000 370260000
WIN:NSQ 8.26 0.2346 4880000000 587410000
WEC:NYQ 39.86 2.38 9090000000 226300000
WPX:NYQ 18.7 -1.3508 3760000000 199080000
WYN:NYQ 60.33 2.85 8030000000 131850000
WYNN 143.43 5.49 14430000000 80580000
XEL:NYQ 27.37 1.98 13570000000 495270000
XRX 10.03 0.9254 12400000000 1160000000
XLNX 46.18 1.87 12290000000 265589999
XL:NYQ 29.94 2.92 8630000000 285080000
XYL:NYQ 26.17 1.25 4800000000 184070000
YHOO 28.17 3.53 28800000000 945680000
YUM 69.61 3.05 31160000000 444410000
ZMH 79.88 4.06 13500000000 169120000
ZION 28.67 1.31 5340000000 179190000
ZTS:NYQ 30.61 0.8398 15170000000 499460000
